slepping
P0 83 C 58 I 34 I 27 C 10 I 43 I 51 I 4 
process 0 scheduled on cpu0
process 0 has made i/o request
slepping
1. 0
1. 0
1. 0
1. 0
1. 0
1. 0
1. 0
1. 0
1. 0
1. 0
1. 0
1. 0
1. 0
1. 0
1. 0
1. 0
1. 0
1. 0
1. 0
1. 0
1. 0
1. 0
1. 0
1. 0
1. 0
1. 0
1. 0
1. 0
1. 0
1. 0
1. 0
1. 0
1. 0
1. 0
1. 0
1. 0
1. 0
1. 0
1. 0
1. 0
1. 0
1. 0
1. 0
1. 0
1. 0
1. 0
1. 0
1. 0
1. 0
1. 0
1. 0
1. 0
1. 0
1. 0
1. 0
1. 0
1. 0
1. 0
1. 0
1. 0
1. 0
1. 0
1. 0
1. 0
1. 0
1. 0
1. 0
1. 0
1. 0
1. 0
1. 0
1. 0
1. 0
1. 0
1. 0
1. 0
1. 0
1. 0
1. 0
1. 0
1. 0
1. 0
1. 0
1. 0
1. 0
1. 0
1. 0
1. 0
1. 0
1. 0
1. 0
1. 0
1. 0
1. 0
1. 0
1. 0
1. 0
1. 0
1. 0
slepping
1. 0
Now Scheduler is off
